\geq    0.632653061224    0.367346938776
\sqrt    0.647518126046    0.352481873954
\leq    0.656108597285    0.343891402715
/    0.65306122449    0.34693877551
\infty    0.603723404255    0.396276595745
\cos    0.650434782609    0.349565217391
,    0.65539452496    0.34460547504
0    0.673537604457    0.326462395543
4    0.669113149847    0.330886850153
8    0.651098901099    0.348901098901
\pm    0.673202614379    0.326797385621
7    0.668891855808    0.331108144192
\pi    0.63453815261    0.36546184739
H    0.65    0.35
L    0.647058823529    0.352941176471
P    0.650943396226    0.349056603774
T    0.659793814433    0.340206185567
X    0.666666666667    0.333333333333
d    0.65475070555    0.34524929445
\tan    0.658362989324    0.341637010676
\}    0.652173913043    0.347826086957
l    0.647058823529    0.352941176471
\gt    0.660714285714    0.339285714286
p    0.672566371681    0.327433628319
t    0.658992805755    0.341007194245
h    0.650557620818    0.349442379182
x    0.641356066614    0.358643933386
|    0.4375    0.5625
\gamma    0.644444444444    0.355555555556
\{    0.652173913043    0.347826086957
+    0.648798521257    0.351201478743
\theta    0.713235294118    0.286764705882
\forall    0.625    0.375
3    0.628559804719    0.371440195281
\log    0.666666666667    0.333333333333
\int    0.568595041322    0.431404958678
\sin    0.662404092072    0.337595907928
\prime    0.634146341463    0.365853658537
C    0.666666666667    0.333333333333
G    0.647727272727    0.352272727273
\ldots    0.654676258993    0.345323741007
S    0.652542372881    0.347457627119
[    0.641791044776    0.358208955224
c    0.661717921527    0.338282078473
z    0.66573556797    0.33426443203
g    0.635514018692    0.364485981308
k    0.630048465267    0.369951534733
o    0.669642857143    0.330357142857
s    0.655462184874    0.344537815126
w    0.661870503597    0.338129496403
(    0.629085381302    0.370914618698
\Delta    0.657142857143    0.342857142857
\neq    0.633928571429    0.366071428571
\in    0.714285714286    0.285714285714
\alpha    0.66318537859    0.33681462141
\lt    0.632075471698    0.367924528302
\times    0.713087248322    0.286912751678
\lim    0.658703071672    0.341296928328
.    0.548936170213    0.451063829787
2    0.650524616626    0.349475383374
6    0.631446540881    0.368553459119
\lambda    0.666666666667    0.333333333333
B    0.640167364017    0.359832635983
F    0.64880952381    0.35119047619
\exists    0.75    0.25
N    0.666666666667    0.333333333333
R    0.657754010695    0.342245989305
V    0.632075471698    0.367924528302
b    0.671669793621    0.328330206379
f    0.640234948605    0.359765051395
j    0.637873754153    0.362126245847
n    0.616793211255    0.383206788745
r    0.652977412731    0.347022587269
v    0.631578947368    0.368421052632
\sigma    0.653846153846    0.346153846154
\rightarrow    0.66889632107    0.33110367893
\div    0.668874172185    0.331125827815
!    0.65306122449    0.34693877551
\phi    0.638554216867    0.361445783133
)    0.629281908145    0.370718091855
-    0.646473551637    0.353526448363
1    0.64158224795    0.35841775205
5    0.593220338983    0.406779661017
9    0.659340659341    0.340659340659
=    0.644518272425    0.355481727575
A    0.660649819495    0.339350180505
E    0.652777777778    0.347222222222
\beta    0.677966101695    0.322033898305
I    0.666666666667    0.333333333333
M    0.666666666667    0.333333333333
Y    0.65811965812    0.34188034188
]    0.641791044776    0.358208955224
\mu    0.630434782609    0.369565217391
a    0.653737373737    0.346262626263
e    0.693304535637    0.306695464363
i    0.733055265902    0.266944734098
\sum    0.6384    0.3616
m    0.665966386555    0.334033613445
q    0.660194174757    0.339805825243
u    0.691588785047    0.308411214953
y    0.618130311615    0.381869688385
